Inferred_N
57500
362000
203500
181500
187000
63000
18500
7500
139500
97000
218000
157500
40500
113000
116000
107000
174500
94000
125000
45000
60000
89000
99000
430500
68500
211000
344500
55000
5500
5500
25500
93000
69000
140000
219000
182500
101000
76000
106000
118000
302500
304000
51500
162500
217000
192500
204500
97000
145500
229500
41000
150000
21000
53000
509500
123500
87000
218500
742000
9500
399500
564500
84000
62500
120000
81000
138500
215000
45500
260000
96500
115500
62500
243500
57500
19000
46000
140500
122500
386000
25000
181500
333000
152000
120500
169500
115000
127500
113000
114000
472500
484000
136000
114000
364000
462500
431000
286500
375500
538000
413000
360500
200500
409500
339500
423500
395500
262500
389500
367000
180000
397500
367000
300000
254000
401000
343500
269500
100500
147000
310000
435000
391500
356500
211000
348500
203500
289500
303500
225000
379000
36000
153000
58000
109500
78500
384500
324000
123500
143500
61500
94500
136000
8000
96000
185000
70500
25000
235500
20500
102000
111500
226500
221000
111500
326000
89000
92500
82000
174000
169500
97000
66500
164500
152000
681000
75500
127000
75500
328000
202500
76500
64500
53500
142000
44000
137000
139000
95500
120000
20000
150500
109500
53000
45000
128000
59000
105000
216500
133000
298000
138000
232500
439500
97500
46000
113000
135500
112000
116500
215000
80500
106500
221500
317000
166000
340500
165000
108500
224000
245500
409500
240500
179000
324500
83000
452000
23500
60500
65000
47500
176000
95000
120500
360000
217000
94500
74000
224500
365000
50000
470000
386000
41500
47500
131000
85000
124500
276000
46000
425000
122500
135500
12500
176000
128500
317000
155000
40500
114000
64000
52500
157500
52000
19500
93500
97500
326500
288000
167500
417000
153500
60500
51000
52000
16500
192000
133000
269000
24000
27000
293500
327500
414000
59000
278000
162500
182000
89500
153500
166000
279500
155500
24000
41000
283000
7000
168000
61500
143000
158000
232500
118500
55000
36500
135500
66000
283000
370000
338500
407000
471500
326500
523500
254500
252500
430500
294500
567000
386000
321000
293500
339500
159500
188000
207500
22000
159500
132500
263500
64500
375500
133000
356500
278000
225000
28500
128000
230500
154500
194500
222500
176000
45000
214500
118000
120500
339000
114500
123500
151500
174500
120500
287500
56500
74000
21000
36000
72000
210000
43000
114500
234000
70500
86500
85000
498500
117000
249500
113000
126000
140000
410500
61500
132500
204500
126000
159500
305500
227000
82000
252000
300000
110000
259500
283000
294000
293500
192500
204500
170000
92000
130000
136500
356500
295500
356000
55000
170500
216000
94500
120500
70000
35000
141500
113500
624500
53500
115500
128500
98500
23500
270500
429000
185500
224000
78500
217000
263500
84500
226500
201500
77000
191000
91500
338000
164500
71000
76500
57000
104000
310000
386500
417500
225000
476500
494000
370000
375000
625000
288500
322500
207000
443500
430000
522500
730000
422000
27500
502000
282500
242000
289500
395000
201000
458500
342500
670500
235000
265500
244000
497500
213000
156500
573000
667500
560000
612500
487000
328000
424500
429000
315000
315500
268000
381000
442000
308500
225000
625500
608500
652500
361000
271000
324000
525000
343000
502500
218500
252000
536500
71000
459500
217000
401500
397000
278000
257500
323500
268000
387000
429000
125500
400500
253000
464000
402500
426000
411000
372000
226000
264000
243500
530500
383000
492000
301000
481000
370500
101500
359000
411000
290000
256000
516000
265000
561000
369000
748500
491000
218000
349500
339000
310000
385500
421500
296000
320000
348500
639500
327500
266500
321000
305000
306500
413500
349500
348000
290000
212000
367500
356500
267000
343000
384500
380500
247000
478500
567500
602000
270500
348000
199000
465000
380000
217000
261000
185000
250000
76500
348000
306500
229500
97500
297500
531500
741500
310500
99500
270500
458000
425000
406000
203500
338500
310500
232000
397500
300000
205500
482000
28500
16500
20500
180000
9500
5000
61500
10000
37000
162500
197000
50000
59500
26500
42000
11500
75500
30000
40500
65500
29500
31500
143500
42000
72000
11000
81500
21500
90000
31500
46000
13000
38500
103000
107000
92000
74000
21500
105500
106500
80000
59500
20000
4000
155500
111000
137000
57500
66000
211500
161500
31500
139000
83000
101500
126500
116500
81000
107000
71500
59500
92000
123500
50500
73000
99000
111500
92000
135000
124500
37000
65500
104500
3000
5500
45500
56000
23000
88000
32500
87500
66500
49500
3000
48500
107500
37000
69500
40500
83000
43000
18500
37000
10000
36500
16500
105500
116500
25000
64000
89500
32000
31500
71000
82500
78000
54500
161500
119000
37500
88500
62000
27000
104000
13500
60500
25500
14500
138000
36500
37500
42000
44000
101500
28000
81000
33000
50500
66000
75000
6000
73000
51000
204000
41000
38000
38500
158500
16000
67000
81000
2500
46500
6500
85000
223500
109000
53000
61000
70500
52500
55000
61000
25500
99000
36500
12500
48500
61500
120000
93500
92000
160000
7500
34000
41500
146000
46500
85500
14000
20500
138500
22500
71000
34000
97000
10000
138000
49500
18500
30500
135500
118500
26500
41000
66500
8500
85500
163500
108000
21500
107500
130500
86000
163000
163000
86500
89500
20000
191500
66500
16000
32000
157500
40000
20000
23000
171000
11000
14000
128000
21000
56000
44000
43000
63500
67000
51500
116500
45000
15500
31000
37000
69500
111000
22000
24000
90500
77000
32000
43500
82000
30500
13000
102000
225000
17000
98000
65500
148500
94500
37500
43500
123500
9500
99000
204000
174000
161500
105000
296500
400500
266000
325000
41000
78500
81500
31000
288000
147500
8000
102500
2000
69000
62000
198500
78000
11500
182000
5000
45000
14000
29500
51000
29000
10500
78000
37000
225000
45500
116500
12500
78000
24500
51000
112000
68500
100500
29000
36500
17000
33500
49500
9500
23500
57000
40500
17500
26000
17000
23500
23000
18000
52500
21000
71500
146500
22000
25000
116500
29500
21000
96000
98500
27500
236500
338500
235500
341000
505000
338000
75000
61000
29000
112000
51500
144000
251500
132500
225500
155500
141000
360000
48500
85000
145000
336500
281000
38500
95000
138500
263500
95500
109000
92000
214000
125000
95000
117000
19000
18000
19500
185500
161000
38000
159500
354000
524000
419500
177000
228000
146000
364000
304000
455500
427000
559500
49000
60500
237500
233500
76000
77500
84500
67000
116000
92500
24500
72500
188500
92000
145000
193000
68000
106000
272500
388500
434500
469000
204000
247500
304000
60000
259000
396000
196500
418000
283500
192000
263500
639000
481500
257500
234500
207000
116500
266000
264000
325500
149500
219500
380500
327000
91500
82500
214000
404500
598500
532500
467500
511500
100000
88000
370000
349000
414500
458000
253500
295000
396000
275000
272000
268000
44000
305500
350000
187000
279500
462500
420500
127500
91500
106500
105000
75000
78500
90500
45500
250000
154500
375500
559000
111000
183500
240500
279500
525500
450000
818000
686000
258500
135000
109000
100000
736500
657000
552000
303500
106500
337500
37500
7500
107000
267500
53500
276000
165000
414500
208000
148000
73500
94500
28000
85500
38000
138000
189500
48000
31000
143500
57000
73000
65500
34500
107500
131000
34500
53000
24000
159500
260500
96000
144500
108500
207000
187000
189500
168500
440500
136000
115000
113000
14500
60000
247000
21000
140000
280000
156500
151500
205000
386500
351000
129000
182500
198500
287000
596000
397000
231000
223500
463000
363500
136000
363000
81500
448500
36500
234000
108500
163000
247500
206000
104500
353000
371000
240500
71000
113000
116000
91500
158500
232000
267000
310000
253500
136500
239500
242500
578000
212500
153500
66500
200000
152500
117000
36000
65000
188000
290500
259500
103000
182500
117000
69000
75000
373000
192500
113000
221500
195000
104500
152000
29000
365000
107000
234000
189000
124500
91500
120000
165500
164500
175500
232500
388500
46000
156000
316000
380000
231500
225500
260000
210000
190000
236000
192500
367500
120500
140500
174500
165500
214000
65000
19000
191000
120500
140000
199000
570000
368000
77000
77500
147500
125000
134500
157500
120500
395500
84000
50000
155500
177000
106000
179000
176000
176000
172000
61500
79500
106500
22000
38000
98000
23500
111500
90500
175000
109000
110500
474000
56500
181000
88500
305000
219500
38500
255500
367500
359500
348000
258000
351500
163000
239000
142000
191500
179500
268000
300000
271000
305000
303500
312000
385500
151000
113000
112500
172500
243500
67500
172500
171000
243000
419500
222500
165000
138500
43500
259000
174500
301500
109000
110500
246000
295000
459500
82500
92000
299000
68500
78500
288500
396000
188500
137500
307000
139000
43000
30500
64000
92500
214000
96000
140500
174500
126000
119500
232000
185500
84000
162500
93000
167000
36000
254500
211000
335000
41000
76500
209000
328000
24500
116000
279500
91500
252500
46000
290500
217000
136500
75500
410000
78000
53000
19500
151500
166000
30500
90000
82000
343000
220500
100000
53000
63500
151500
40500
196500
101500
77500
255000
87500
138500
149000
296500
77500
180500
220000
133500
157500
169000
77000
39000
185500
127000
68500
10000
116500
66500
107000
441000
73500
64000
9500
179000
146000
97000
193500
77000
53500
128500
71000
77000
109500
183000
1051500
72000
91000
83000
101500
105500
58500
94500
100000
356000
113000
139500
43000
41500
100500
56000
197500
193500
86500
120000
105500
289000
232500
59000
115000
120500
160500
119500
105500
126000
128000
55500
149000
108500
66500
95500
158500
